0 0.241875 0.232500 0.068750 0.071667
0 0.357500 0.210833 0.055000 0.081667
0 0.466250 0.212500 0.047500 0.081667
0 0.544375 0.240833 0.073750 0.065000
0 0.626875 0.183333 0.053750 0.090000
0 0.759375 0.165833 0.058750 0.085000
0 0.841875 0.289167 0.071250 0.065000
0 0.234375 0.375000 0.051250 0.100000
0 0.321250 0.362500 0.072500 0.068333
0 0.425625 0.360000 0.073750 0.070000
0 0.540000 0.385000 0.070000 0.056667
0 0.664375 0.349167 0.066250 0.081667
0 0.745000 0.358333 0.055000 0.090000
0 0.829375 0.440833 0.053750 0.091667
0 0.235625 0.536667 0.046250 0.093333
0 0.341250 0.519167 0.050000 0.098333
0 0.460000 0.508333 0.047500 0.100000
0 0.623750 0.508333 0.047500 0.093333
0 0.727500 0.492500 0.057500 0.095000
0 0.833750 0.590833 0.057500 0.098333
0 0.733125 0.642500 0.056250 0.085000
0 0.811875 0.762500 0.061250 0.095000
0 0.191250 0.673333 0.047500 0.100000
0 0.298125 0.653333 0.046250 0.093333
0 0.405625 0.652500 0.058750 0.091667
0 0.516250 0.645000 0.060000 0.100000
0 0.630000 0.650833 0.052500 0.105000
0 0.702500 0.771667 0.052500 0.100000
0 0.590625 0.785833 0.058750 0.098333
0 0.479375 0.784167 0.063750 0.095000
0 0.366250 0.787500 0.060000 0.098333
0 0.258125 0.787500 0.051250 0.091667
